1,7.142857142857143
dbms:39:3
physics:20:4
chemistry:100:10
o:100:10
p:0:1
END
2,5.714285714285714
caed:26:3
giga:100:4
END
